3
5
8
31
38
16
17
25
36
37
25
31
58
64
67
21
32
38
48
62
33
35
44
55
69
23
25
40
42
60
1
7
40
43
68
22
45
48
58
61
7
8
26
30
39
7
27
37
42
59
7
24
54
57
58
5
23
52
53
59
6
22
44
53
65
30
32
42
46
48
9
14
16
26
49
10
15
20
66
68
5
10
26
58
65
15
26
28
35
45
6
14
19
56
62
9
14
26
29
66
3
12
13
19
52
3
20
31
34
65
21
26
56
61
65
21
24
36
40
70
7
11
18
30
36
21
25
36
62
63
18
30
43
68
69
17
21
27
43
56
36
41
45
51
56
17
32
40
59
61
4
13
19
63
64
20
32
35
47
64
15
17
25
32
53
7
10
12
61
65
8
14
31
58
68
1
10
44
47
56
17
18
26
52
67
41
43
51
57
70
3
6
16
38
56
17
21
35
40
53
29
45
50
59
62
9
18
40
46
69
1
9
17
27
34
19
26
31
52
68
2
35
36
54
64
13
17
19
40
69
10
26
30
52
57
24
25
47
52
57
3
10
17
26
55
6
37
39
41
46
18
47
63
68
69
8
31
32
34
45
7
38
50
52
69
17
20
42
45
65
1
26
48
51
59
14
36
44
46
53
18
22
27
38
52
4
43
56
63
68
9
22
39
41
54
4
30
34
41
64
7
11
33
58
63
10
14
20
47
70
14
21
31
34
54
6
9
17
18
48
3
5
56
61
66
3
18
41
44
68
7
8
20
36
39
5
10
19
21
50
4
27
32
57
63
8
19
26
48
49
15
22
30
41
42
4
28
29
30
60
6
23
43
49
52
17
27
28
50
55
10
15
19
45
68
22
26
27
58
66
1
19
20
32
42
10
42
48
53
62
11
37
47
53
56
4
25
37
46
67
12
23
35
38
55
9
14
40
58
69
10
41
46
52
69
2
24
25
31
65
4
33
46
58
65
10
11
17
27
54
4
8
13
34
64
11
15
37
62
64
5
7
9
20
57
27
32
47
50
53
1
36
44
54
66
5
14
24
25
27
7
18
21
31
40
14
17
28
29
44
13
37
38
40
67
4
44
58
59
70
29
49
56
66
67
4
26
42
50
60
10
19
26
28
50
3
11
12
38
43
12
14
26
28
33
3
6
16
18
58
20
43
51
55
57
8
24
53
68
69
1
31
35
48
62
17
23
36
69
70
29
53
56
59
67
7
15
25
51
60
1
10
18
20
46
19
31
37
55
67
15
19
33
39
68
3
19
24
44
50
7
33
53
61
65
4
10
27
35
58
9
15
34
61
64
26
33
45
61
68
8
13
35
46
68
6
7
14
28
59
23
45
53
58
62
18
24
27
34
60
7
31
44
45
55
14
19
34
39
59
6
13
34
46
62
18
34
44
60
69
46
54
57
58
66
27
32
50
52
57
11
44
45
46
70
5
11
25
27
64
15
16
18
39
59
9
38
47
49
68
14
39
43
44
67
20
36
37
48
67
36
43
44
55
68
26
29
41
52
64
25
28
38
59
62
3
15
42
48
56
7
10
15
31
57
19
22
24
28
53
15
25
26
38
47
3
9
50
53
64
8
10
15
17
57
11
15
31
42
63
4
18
26
27
58
3
24
29
42
47
8
22
29
43
56
4
44
53
64
70
2
22
30
42
62
12
35
46
48
69
17
20
27
31
34
8
33
39
54
58
14
25
26
41
43
12
13
21
46
57
6
26
55
56
64
10
15
20
49
53
16
20
25
30
43
20
40
44
45
50
9
16
29
37
53
19
33
37
56
57
6
20
37
40
48
11
34
36
52
66
21
23
33
35
42
9
14
57
67
70
1
5
9
10
23
32
35
37
47
55
9
20
23
26
29
10
13
32
41
51
34
52
58
59
62
8
10
20
44
46
8
19
25
36
66
11
17
32
33
46
7
16
27
44
52
5
20
22
61
70
7
13
17
21
45
28
30
31
35
66
13
19
53
54
63
1
27
32
60
67
13
15
24
67
70
13
35
39
46
55
29
47
65
69
70
2
11
21
57
60
25
33
43
51
68
24
38
44
57
58
8
17
51
57
70
3
25
28
50
60
2
8
16
18
31
34
35
41
45
54
20
27
28
58
59
7
22
37
43
44
6
17
48
54
69
15
48
56
58
70
8
12
33
56
64
2
3
14
41
64
2
9
43
49
63
4
7
13
16
60
6
12
39
61
70
10
32
48
54
55
4
6
32
52
64
9
14
27
36
52
32
48
50
51
64
28
31
33
57
62
17
36
47
51
62
3
4
18
23
38
16
18
29
31
37
3
25
30
54
70
9
11
13
31
47
17
27
49
51
66
25
40
41
52
56
37
41
42
53
63
30
44
49
53
56
17
34
40
63
64
27
37
48
63
66
3
20
23
35
60
22
30
53
55
56
17
21
29
39
56
18
31
46
54
61
20
31
40
46
61
23
43
60
63
69
6
8
31
50
65
8
27
29
38
43
7
12
17
49
53
22
43
44
47
66
12
19
34
35
68
19
30
44
56
65
3
4
10
39
58
2
9
24
49
54
9
20
36
41
54
4
9
17
27
39
16
24
25
52
60
5
11
14
23
25
18
58
60
65
67
4
12
14
35
70
14
22
30
37
60
5
8
10
17
48
11
38
44
48
70
10
17
39
42
59
12
20
31
43
45
6
14
24
42
46
23
24
42
48
53
12
15
30
50
65
6
16
37
59
62
34
47
48
50
55
4
11
13
19
31
13
20
27
61
62
3
9
11
34
39
8
12
23
39
43
11
15
37
54
68
8
14
25
51
63
4
14
24
26
46
7
27
31
34
51
15
53
56
59
63
11
17
31
43
55
11
20
26
48
70
10
24
28
33
38
4
6
11
43
48
1
4
23
40
45
16
18
28
33
67
8
16
31
48
52
8
25
38
56
59
12
26
40
48
64
6
38
47
57
63
3
25
37
40
55
2
35
49
53
63
24
33
45
47
61
13
30
36
48
62
12
14
22
24
48
19
40
47
57
65
20
34
39
43
57
17
19
27
40
68
25
37
46
48
68
7
8
26
65
67
9
21
34
42
50
14
41
44
56
62
10
50
55
56
58
5
17
28
32
63
11
59
66
67
68
3
16
21
61
62
3
6
34
54
63
8
16
22
66
68
24
37
41
61
70
9
17
23
30
46
7
24
30
48
67
18
25
43
44
57
11
29
34
48
54
1
24
25
40
70
11
22
34
44
58
8
22
24
38
64
33
47
58
59
64
5
14
15
62
66
4
14
22
43
58
7
36
58
60
62
10
42
53
67
68
3
29
56
62
64
10
12
16
49
57
4
9
42
62
68
15
20
32
37
52
29
33
39
60
66
10
12
14
24
60
18
24
31
34
55
17
24
34
56
65
10
38
40
43
65
15
32
39
50
65
14
24
31
42
48
3
34
36
59
66
2
37
48
66
68
10
33
53
54
62
8
16
30
38
61
4
15
37
59
64
2
43
48
62
64
29
52
58
60
62
4
5
31
62
69
13
26
29
38
64
21
29
35
54
60
34
44
57
62
70
9
10
25
37
38
2
8
42
43
50
10
13
61
62
70
13
22
32
60
69
5
22
26
43
49
4
38
39
54
59
4
10
20
33
57
28
31
41
42
50
25
28
40
43
63
12
24
37
42
57
7
10
30
33
59
10
16
31
42
66
33
36
63
68
69
34
46
57
65
69
8
14
27
57
67
28
34
37
56
69
3
23
28
46
62
20
31
39
46
49
1
28
61
62
63
5
28
62
65
70
15
23
53
65
70
3
45
49
61
69
4
24
46
61
70
20
22
39
54
60
27
28
32
41
69
2
22
29
31
34
39
45
52
56
59
8
16
32
48
61
1
2
11
52
64
31
32
43
63
68
23
30
40
43
66
15
30
51
62
67
8
10
41
54
68
2
7
25
35
44
7
18
29
32
45
3
20
33
34
41
1
6
13
18
49
14
16
19
38
57
1
31
32
47
56
11
26
44
45
46
1
3
12
22
42
2
13
15
21
62
9
28
30
54
60
12
15
35
64
69
1
32
40
49
63
1
2
4
19
29
1
14
30
44
62
40
41
61
66
67
21
22
39
59
68
1
17
28
56
70
2
10
46
50
56
13
35
45
49
68
2
32
47
49
68
17
25
29
39
60
2
6
11
27
44
11
13
28
65
70
1
11
37
47
51
1
3
5
8
70
14
30
33
44
56
22
33
41
48
52
5
24
52
62
66
2
11
55
58
67
11
14
51
64
68
16
17
21
36
48
9
26
53
64
66
21
34
44
49
61
14
38
40
53
70
8
15
39
64
67
4
5
10
12
18
2
7
20
55
70
2
29
38
63
66
3
19
31
32
48
1
15
18
32
45
12
34
44
47
65
8
9
32
42
59
5
13
31
43
53
16
33
51
54
67
4
29
39
42
62
11
28
31
46
59
7
25
43
56
59
4
8
23
53
59
14
38
51
64
70
1
13
26
33
52
6
30
58
60
61
7
17
18
46
66
1
4
26
35
39
24
28
42
60
64
10
17
21
38
43
7
11
13
19
58
17
19
23
24
43
14
38
48
53
58
5
12
15
46
49
28
34
41
46
47
14
17
25
48
58
1
4
14
17
40
29
41
42
49
57
10
16
27
38
43
2
6
30
31
55
3
17
23
49
66
3
11
23
29
59
17
18
33
46
60
16
29
31
65
67
28
30
39
59
70
1
42
47
64
70
4
10
18
28
62
10
12
20
38
41
1
20
30
33
42
28
37
39
42
58
4
12
36
44
57
8
23
24
25
27
6
37
46
60
70
14
15
37
42
67
16
22
40
41
59
10
17
47
51
61
16
36
54
61
64
3
7
22
27
50
3
26
55
58
70
1
14
21
22
28
6
23
38
42
58
1
54
60
68
69
10
22
42
61
69
6
28
31
52
53
17
27
41
51
52
20
24
34
56
64
6
23
63
66
73
31
45
49
56
70
2
7
18
26
31
7
16
24
61
62
21
33
36
45
56
12
18
19
25
67
25
51
62
73
74
1
10
57
66
75
5
39
54
63
66
9
28
31
50
61
18
24
34
38
58
26
37
41
54
65
4
5
14
26
73
11
17
59
70
72
4
13
31
50
64
2
13
17
35
73
17
38
42
51
65
24
35
46
50
51
1
31
34
40
75
7
16
20
66
73
23
33
53
56
58
11
17
50
52
74
9
17
25
63
71
20
22
52
57
73
4
6
31
49
52
8
12
23
51
73
11
12
24
32
73
7
18
24
55
74
2
9
11
28
60
16
39
47
53
71
10
38
51
55
64
4
21
45
52
57
12
20
53
66
74
2
15
41
49
63
18
22
26
30
44
27
51
62
68
75
3
16
28
33
37
3
5
16
49
75
7
42
57
69
72
5
20
32
37
67
25
26
28
37
56
6
13
17
33
60
1
4
5
24
30
4
35
39
56
72
28
34
41
42
47
6
29
45
69
73
4
23
33
47
53
5
14
42
43
58
6
13
18
20
31
3
13
33
40
50
1
12
13
32
34
8
29
30
43
64
5
10
55
60
73
19
34
35
38
49
30
33
43
47
69
13
24
34
35
55
17
24
27
32
58
30
33
35
37
46
5
28
37
61
69
4
45
53
73
75
11
27
31
58
60
16
23
28
33
59
26
38
42
58
70
3
30
45
53
68
14
26
39
48
51
20
33
45
58
69
