4
22
4
6
22
15
13
18
16
18
12
3
15
23
19
1
24
11
12
9
24
10
11
17
10
24
24
17
14
19
21
12
25
18
11
13
19
8
23
15
11
8
4
3
22
10
22
5
25
25
5
25
9
12
17
19
15
15
11
8
8
18
13
20
18
5
15
4
10
14
9
2
10
3
24
24
16
15
9
11
4
7
19
19
21
5
15
25
25
8
14
10
6
17
16
7
13
2
19
11
1
22
10
12
25
13
17
25
19
16
12
11
22
13
21
25
22
1
12
14
23
13
9
3
20
23
19
17
15
21
22
22
18
24
11
6
15
7
6
2
22
22
8
3
4
18
9
25
5
4
14
14
17
18
17
14
7
13
20
17
2
1
14
5
25
22
12
4
2
17
15
6
4
18
6
4
10
19
21
24
8
9
11
2
21
16
11
24
11
16
16
22
25
20
19
9
13
24
22
20
24
14
19
22
22
6
10
20
2
8
23
17
3
20
9
22
1
5
24
10
5
10
6
21
4
14
5
1
16
19
6
11
11
14
23
7
1
12
13
1
17
18
21
6
13
2
25
4
21
10
15
11
18
19
19
11
20
10
9
25
10
4
9
21
25
3
9
10
15
4
18
7
6
21
20
4
3
12
7
13
7
11
22
10
16
24
7
20
5
15
14
21
6
5
9
23
12
13
4
19
18
23
10
16
11
5
12
16
23
5
5
7
9
7
18
12
1
15
12
9
17
13
19
10
3
17
20
8
11
3
11
6
2
2
9
20
20
1
12
2
14
16
23
23
19
20
14
6
3
13
4
17
2
25
9
11
21
22
13
21
1
11
10
4
22
10
20
20
14
1
13
17
9
11
17
22
22
8
23
9
14
16
1
14
25
4
24
1
7
23
18
24
23
10
22
7
25
16
2
19
9
24
22
8
5
22
3
15
19
24
11
3
12
13
6
9
11
12
2
12
7
7
4
15
10
3
3
14
1
12
3
11
7
6
7
6
14
4
7
11
6
1
10
10
15
6
14
11
3
9
8
9
5
10
5
5
14
1
11
13
11
7
1
13
2
10
6
12
8
15
9
10
10
1
7
10
13
5
11
9
4
